16872
16872
17742
17960
17960
17960
17960
17960
17960
17960
17960
17960
17960
17960
17960
17960
17960
17960
17960
17960
17960
17960
17960
17960
17960
17960
17960
17960
17960
17960
17960
17960
17960
17960
17960
17960
17960
17960
17960
17960
17960
17960
17960
17960
17960
17960
17960
17960
17960
17960
17960
17960
17960
17960
17960
17960
17960
17960
17960
17960
17960
17960
17960
17960
17960
17960
17960
17960
17960
17960
17960
17960
17960
17960
17960
17960
17960
17960
17960
17960
17960
17960
17960
17960
17960
17960
17960
17960
17960
17960
17960
17960
17960
17960
17960
17960
17960
17960
17960
17960
17960
17960
17960
17960
17960
17960
17960
17960
17960
17960
17960
17960
17960
14308
13800
13800
13800
13800
13800
13800
13800
13800
13800
13800
13800
13800
13800
13800
13800
13800
13800
13800
13800
13800
13800
13800
13800
13800
13800
13800
13800
13800
13800
13800
13800
13800
13800
13800
13800
13800
13800
13800
13800
13800
13800
13800
13800
13800
13800
13800
13800
13800
13800
13800
13800
13800
13800
13800
13800
13800
13800
13800
13800
13800
13800
13800
13800
13800
13800
13800
13800
13800
13800
13800
13800
13800
13800
13800
13800
13800
13800
13800
13800
13800
13552
