12713
12713
13626
13810
13810
13810
13810
13810
13810
13810
13810
13810
13810
13810
13810
13810
13810
13810
13810
13810
13810
13810
13810
13810
13810
13810
13810
13810
13810
10108
9607
9607
9607
9607
9607
9607
9607
9607
9607
9607
9607
9607
9607
9607
9607
9607
9607
9607
9607
9607
9607
9607
9607
9607
9607
9607
9607
9607
9607
9607
9607
9607
9607
9607
9607
9607
9607
9607
9607
9607
9607
9607
9607
9607
9607
9607
9607
9607
9607
9607
9607
9607
9607
9607
9607
9607
9607
9607
9607
9607
9607
9607
9607
9607
9607
9607
9607
9607
9607
9607
9607
9607
9607
9607
9607
9607
9607
9607
9607
9607
9607
9607
9607
9607
9607
9607
9607
